3137
3140
3143
3147
3150
3153
3157
3160
3163
3166
3170
3173
3176
3179
3183
3186
3189
3192
3196
3199
3202
3206
3209
3212
3215
3219
3222
3225
3228
3232
3235
3238
3241
3245
3248
3251
3254
3258
3261
3264
3268
3271
3274
3277
3281
3284
3287
3290
3294
3297
3300
3303
3307
3310
3313
3317
3320
3323
3326
3330
3333
3336
3339
3343
3346
3349
3352
3356
3359
3362
3366
3369
3372
3375
3379
3382
3385
3388
3392
3395
3398
3401
3405
3408
3411
3414
3418
3421
3424
3428
3431
3434
3437
3441
3444
3447
3450
3454
3457
3460
3463
3467
3470
3473
3477
3480
3483
3486
3490
3493
3496
3499
3503
3506
3509
3512
3516
3519
3522
3526
3529
3532
3535
3539
3542
3545
3548
3552
3555
3558
3561
3565
3568
3571
3575
3578
3581
3584
3588
3591
3594
3597
3601
3604
3607
3610
3614
3617
3620
3623
3627
3630
3633
3637
3640
3643
3646
3650
3653
3656
3659
3663
3666
3669
3672
3676
3679
3682
3686
3689
3692
3695
3699
3702
3705
3708
3712
3715
3718
3721
3725
3728
3731
3735
3738
3741
3744
3748
3751
3754
3757
3761
3764
3767
3770
3774
3777
3780
3784
3787
3790
3793
3797
3800
3803
3806
3810
3813
3816
3819
3823
3826
3829
3832
3836
3839
3842
3846
3849
3852
3855
3859
3862
3865
3868
3872
3875
3878
3881
3885
3888
3891
3895
3898
3901
3904
3908
3911
3914
3917
3921
3924
3927
3930
3934
3937
3940
3944
3947
3950
3953
3957
3960
3963
3966
3970
3973
3976
3979
3983
3986
3989
3993
3996
3999
4002
4006
4009
4012
4015
4019
4022
4025
4028
4032
4035
4038
4041
4045
4048
4051
4055
4058
4061
4064
4068
4071
4074
4077
4081
4084
4087
4090
4094
4097
4100
4104
4107
4110
4113
4117
4120
4123
4126
4130
4133
4136
4139
4143
4146
4149
4153
4156
4159
4162
4166
4169
4172
4175
4179
4182
4185
4188
4192
4195
4198
4202
4205
4208
4211
4215
4218
4221
4224
4228
4231
4234
4237
4241
4244
4247
4250
4254
4257
4260
4264
4267
4270
4273
4277
4280
4283
4286
4290
4293
4296
4299
4303
4306
4309
4313
4316
4319
4322
4326
4329
4332
4335
4339
4342
4345
4348
4352
4355
4358
4362
4365
4368
4371
4375
4378
4381
4384
4388
4391
4394
4397
4401
4404
4407
4410
4414
4417
4420
4424
4427
4430
4433
4437
4440
4443
4446
4450
4453
4456
4459
4463
4466
4469
4473
4476
4479
4482
4486
4489
4492
4495
4499
4502
4505
4508
4512
4515
4518
4522
4525
4528
4531
4535
4538
4541
4544
4548
4551
4554
4557
4561
4564
4567
4571
4574
4577
4580
4584
4587
4590
4593
4597
4600
4603
4606
4610
4613
4616
4619
4623
4626
4629
4633
4636
4639
4642
4646
4649
4652
4655
4659
4662
4665
4668
4672
4675
4678
4682
4685
4688
4691
4695
4698
4701
4704
4708
4711
4714
4717
4721
4724
4727
4731
4734
4737
4740
4744
4747
4750
4753
4757
4760
4763
4766
4770
4773
4776
4780
4783
4786
4789
4793
4796
4799
4802
4806
4809
4812
4815
4819
4822
4825
4828
4832
4835
4838
4842
4845
4848
4851
4855
4858
4861
4864
4868
4871
4874
4877
4881
4884
4887
4891
4894
4897
4900
4904
4907
4910
4913
4917
4920
4923
4926
4930
4933
4936
4940
4943
4946
4949
4953
4956
4959
4962
4966
4969
4972
4975
4979
4982
4985
4989
4992
4995
4998
5002
5005
5008
5011
5015
5018
5021
5024
5028
5031
5034
5037
5041
5044
5047
5051
5054
5057
5060
5064
5067
5070
5073
5077
5080
5083
5086
5090
5093
5096
5100
5103
5106
5109
5113
5116
5119
5122
5126
5129
5132
5135
5139
5142
5145
5149
5152
5155
5158
5162
5165
5168
5171
5175
5178
5181
5184
5188
5191
5194
5198
5201
5204
