5295
5279
5256
5211
5302
5276
5230
5302
5286
5260
5299
5260
5279
5243
5256
5214
5253
5214
5253
5273
5289
5289
5286
5211
5302
5269
5211
5302
5240
5269
5273
5260
5266
5243
5299
5211
5260
5227
5243
5237
5237
5292
5256
5253
5217
5250
5227
5211
5266
5299
5243
5269
5282
5299
5214
5260
5240
5289
5237
5260
5276
5263
5282
5250
5302
5246
5286
5263
5214
5240
5207
5230
5211
5243
5237
5302
5302
5282
5256
5246
5217
5211
5299
5279
5207
5233
5253
5246
5302
5282
5253
5276
5224
5233
5299
5214
5302
5266
5302
5227
5224
5266
5250
5253
5243
5246
5250
5289
5263
5256
5266
5263
5292
5227
5282
5217
5211
5230
5276
5240
5263
5250
5269
5253
5263
5299
5211
5263
5214
5253
5207
5295
5217
5233
5227
5269
5289
5299
5230
5214
5302
5253
5207
5266
5233
5243
5260
5233
5240
5207
5292
5289
5286
5302
5217
5286
5207
5282
5282
5211
5286
5279
5214
5240
5276
5243
5273
5220
5302
5279
5276
5279
5237
5250
5289
5224
5243
5263
5269
5276
5246
5224
5256
5273
5237
5286
5224
5250
5253
5227
5302
5282
5240
5250
5256
5224
5220
5207
5273
5224
5256
5240
5302
5289
5207
5253
5211
5207
5292
5240
5224
5282
5292
5227
5273
5269
5220
5273
5266
5256
5233
5233
5292
5282
5273
5250
5217
5282
5240
5224
5250
5207
5237
5282
5292
5295
5211
5240
5273
5256
5233
5207
5220
5217
5217
5233
5224
5289
5227
5220
5263
5276
5260
5289
5207
5286
5237
5269
5220
5214
5273
5289
5237
5276
5266
5295
5299
5292
5299
5302
5240
5240
5220
5279
5233
5214
5295
5227
5302
5273
5279
5295
5220
5266
5207
5256
5211
5295
5299
5237
5260
5273
5233
5243
5214
5243
5246
5211
5295
5263
5295
5220
5240
5217
5230
5295
5260
5246
5295
5246
5292
5246
5230
5295
5250
5292
5269
5250
5279
5299
5269
5246
5289
5282
5240
5214
5260
5286
5243
5214
5269
5211
5292
5207
5240
5253
5256
5276
5243
5207
5214
5230
5269
5220
5286
5276
5260
5230
5240
5227
5217
5211
5289
5253
5286
5220
5237
5279
5266
5266
5256
5230
5282
5230
5250
5282
5211
5246
5295
5273
5276
5217
5240
5220
5260
5269
5302
5233
5266
5233
5211
5279
5220
5299
5233
5230
5207
5214
5207
5286
5227
5292
5224
5302
5227
5295
5279
5276
5273
5207
5269
5224
5224
5237
5276
5260
5233
5250
5220
5227
5237
5256
5253
5289
5260
5250
5295
5279
5211
5292
5211
5246
5233
5224
5220
5250
5230
5250
5266
5289
5256
5253
5276
5263
5227
5279
5266
5237
5263
5269
5211
5243
5227
5289
5233
5302
5299
5253
5286
5299
5256
5269
5263
5246
5230
5263
5292
5256
5282
5214
5266
5246
5292
5240
5233
5240
5227
5230
5282
5299
5273
5279
5217
5269
5299
5276
5230
5246
5302
5286
5237
5243
5286
5243
5263
5289
5273
5266
5217
5211
5266
5299
5230
5246
5256
5276
5227
5273
5227
5292
5233
5220
5243
5295
5263
5217
5224
5295
5292
5276
5214
5279
5246
5276
5220
5269
5224
5286
5224
5279
5295
5260
5289
5237
5224
5253
5250
5230
5263
5246
5266
5230
5220
5295
5253
5227
5282
5276
5269
5295
5295
5279
5256
5273
5220
5302
5279
5276
5237
5295
5279
5299
5260
5289
5243
5256
5217
5292
5217
5214
5253
5230
5233
5289
5286
5233
5289
5230
5299
5220
5250
5217
5256
5266
5253
5243
5299
5276
5260
5227
5243
5237
5292
5256
5276
5279
5227
5224
5282
5263
5243
5269
5260
5299
5286
5266
5240
5237
5214
5295
5276
5211
5250
5269
5253
5263
5299
5224
5263
5220
5266
5246
5260
5214
5273
5263
5214
5211
5260
5233
5224
5243
5302
5282
5256
5211
5299
5279
5207
5253
5240
5237
5266
5266
5211
5269
5302
5224
5224
5279
5273
5233
5266
5302
5246
5227
5253
5243
5230
5292
5230
5263
5282
5240
5233
5289
5263
5292
5227
5295
5243
5217
5282
5230
5276
5214
5276
5282
5253
5250
5279
5217
5211
5227
5260
5207
5299
5230
5217
5302
5253
5207
5266
5243
5224
5260
5211
5240
5207
5260
5289
5286
5286
5217
5207
5282
5240
5282
5256
5260
5240
5230
5243
5214
5282
5220
5214
5220
5269
5273
5237
5250
5302
5250
5211
5243
5240
5246
5250
5256
5211
5237
5286
5250
5263
5302
5240
5279
5302
5240
5295
5263
5224
5253
5243
5214
5279
5240
5240
5282
5273
5224
5273
5240
5302
5289
5207
5253
5211
5295
5292
5246
5224
5282
5233
5292
5289
5302
5250
5233
5220
5299
5286
5269
5292
5207
5220
5246
5302
5243
5302
5224
5302
5273
5276
5289
5295
5211
5282
5289
5240
5276
5207
5286
5220
5217
5276
5224
5233
5220
5263
5240
5240
5292
5279
5289
5286
5237
5224
5217
5253
5237
5276
5289
5263
5286
5276
5214
5289
5302
5260
5295
5233
5214
5286
5299
5292
5299
5302
5302
5220
5233
5233
5260
5253
5233
5214
5246
5279
5273
5279
5230
5211
5246
5269
5279
5286
5269
5295
5269
5207
5243
5276
5260
5217
5230
5295
5260
5246
5295
5276
5246
5292
5246
5230
5279
5295
5214
5256
5224
5292
5276
5269
5246
5302
5240
5220
5211
5207
5211
5299
5256
5227
5292
5214
5220
5273
5282
5227
5233
5256
5211
5227
5289
5279
5253
5299
5256
5217
5256
5279
5230
5233
5276
5266
5266
5250
5230
5266
5214
5292
5207
5282
5295
5237
5240
5266
5273
5286
5243
5243
5214
5269
5250
5224
5246
5289
5207
5279
5217
5220
5260
5273
5269
5302
5224
5253
5227
5211
5279
5220
5273
5207
5276
5266
5220
5227
5273
5237
5250
5240
5211
5207
5269
5224
5240
5237
5295
5260
5240
5233
5253
5266
5250
5207
5227
5253
5289
5250
5295
5211
5211
5217
5224
5211
5282
5256
5273
5237
5240
5299
5263
5260
5237
5227
5273
5266
5233
5263
5227
5260
5237
5263
5269
5224
5243
5289
5240
5273
5253
5286
5299
5256
5276
5263
5246
5292
5243
5292
5286
5260
5230
5220
5292
5230
5282
5299
5211
5273
5279
5217
5269
5299
5276
5230
5250
5276
5214
5237
5243
5266
5286
5217
5227
5207
5263
5256
5269
5217
5266
5237
5246
5211
5276
5224
5256
5227
5266
5207
5289
5273
5227
5292
5246
5214
5295
5243
5263
5246
5217
5260
5250
5250
5214
5276
5250
5230
5224
5237
5289
5279
5233
5279
5299
5224
5289
5256
5246
5230
