Input array example random order small size:
1805 4549 1873 6512 5912 1301 2293 4476 9357 1433 109 585 1930 8026 6990 3034 3955 6221 9851 3663 2536 8131 5697 2905 2278 303 4003 1805 8017 1342 49 3352 6832 9314 
222 7282 5817 5951 4546 4438 1182 7258 5149 5905 2392 302 2094 8105 756 1968 6339 8448 2331 4982 9569 4409 726 3588 1911 6170 2865 8663 4318 4626 2240 9286 3443 
8733 2256 5718 3448 150 5727 6092 6583 1308 7582 2392 7449 2712 8085 3808 8295 4526 696 9402 3215 2546 4185 2639 6728 8701 4207 5676 3081 1264 6709 4923 9431 9208 
1781 4674 8814 8210 1383 2025 4803 5505 628 1410 3303 8766 9472 420 5102 8096 7224 6344 2737 4428 3976 616 5024 1278 752 596 6492 6537 3080 5896 7364 9995 1489 8651 
270 3477 5166 8360 3625 6313 6899 5602 4176 3669 2604 2468 2337 5535 2050 6359 2975 961 3882 8199 6789 5959 2830 6168 669 7510 1120 5556 2608 4255 4555 1849 6174 
133 6556 7617 3680 4492 6146 3282 3324 1378 6562 1527 4088 9554 8622 4526 3043 1302 1847 2516 8833 9437 1312 3502 469 2270 293 6473 7348 8092 4700 1300 5319 5082 
4730 5996 721 5441 7593 5592 9970 1343 8425 1159 6171 8578 933 9831 8019 5638 7207 1607 8618 3051 2078 9311 7788 1626 1455 3198 4424 6713 6186 2404 9073 4558 255 
7218 1156 3664 2081 9278 7611 4036 1129 1371 5682 2903 3518 5785 1720 5175 4531 3801 5961 2775 5393 4835 4953 1250 3463 6731 9027 2735 9359 2321 2003 4742 3396 3145 
8209 2147 8225 1147 5711 9256 8379 4155 3140 4696 6993 4267 6698 4913 2546 8336 3029 7529 992 7987 8566 9533 1028 4520 8703 3414 2339 4884 4647 3917 1343 3162 8527 
7439 5185 6375 5238 9524 4197 7951 8651 1837 2518 2759 2545 8109 6909 3669 2648 2570 228 5669 3961 3124 1327 8765 6114 8949 3789 8451 4579 5848 8218 7566 2808 9039 
969 7434 8664 8384 6146 415 7437 8544 4566 3268 9285 9043 202 241 4456 6098 9459 8690 7979 5230 1231 9811 1813 5876 3989 4216 5344 2562 7837 1403 7938 1081 1362 
5164 4428 5939 7639 5652 2611 9206 5384 1706 1213 3018 7475 9402 1518 8184 6663 7923 3428 84 6236 5520 1472 3676 8227 7273 9222 5409 8174 635 4854 5109 2691 469 
5244 7781 4558 9748 2404 2858 6069 1281 4131 9131 9632 26 3714 9077 2056 7071 7388 7405 9838 205 346 3701 2335 1712 2765 5693 6903 1508 7916 4540 7365 9853 7022 
3296 6942 2472 1866 8706 2724 802 2573 1965 5575 7431 1580 896 1932 5437 5674 3474 4158 1858 1581 4710 994 8292 8492 4047 3088 2880 1067 198 5567 5420 9947 121 4527 
5577 6699 5062 301 9139 4276 9897 5602 7851 5235 402 5901 9623 7304 58 1011 3224 6207 2872 1124 9532 4892 2127 1023 6661 3373 314 3561 6570 2938 2459 6746 7261 496 
3183 1528 3533 6783 5094 9704 2268 5457 7298 6882 132 1100 8255 1909 725 2073 8994 6795 1858 261 4308 9166 5677 1784 529 8155 1072 9189 7227 1654 7710 9201 3429 
5214 4056 840 5213 2034 884 9836 3161 8340 9228 9087 1878 5293 2771 4915 8525 8785 8989 3327 7063 7364 1967 2837 8354 9470 6756 9554 676 2539 786 5574 9103 7942 
8077 8693 4470 9207 3114 6621 1439 1514 310 2025 8537 994 6984 1124 4320 6717 7477 9858 9583 3466 4019 3724 8710 8169 9824 7467 4540 6850 9571 8567 2614 9608 4098 
1327 2568 1999 9286 9180 8523 6492 2380 7713 9632 4076 1902 6678 6644 6296 2242 6054 2085 3943 7841 1221 1156 8228 3770 9558 1579 8962 1895 3947 6545 3421 7921 1230 
3004 5347 4480 3232 2678 3906 8965 4385 9282 996 812 9903 7633 1001 8268 5154 1344 4963 7585 7223 8197 4168 3228 3963 1114 179 3736 8139 8121 5900 6480 6858 297 
6649 2992 6851 2343 2165 1962 7311 3704 673 8986 7016 6830 4856 603 9135 2393 2391 9387 1516 1441 6588 7356 4788 5185 1501 1357 7151 9205 1341 1241 938 2760 7468 
5566 8763 2295 1292 8865 4964 1834 651 9839 9353 3956 5197 5431 8709 1288 6249 8599 9002 4367 3864 3684 407 2391 8089 6398 4879 1838 5657 2035 7704 1424 6289 9394 
4513 3021 784 4467 2856 6399 938 4309 602 602 8209 9000 3324 2340 723 7021 4170 8935 453 2571 702 9589 4799 8019 7571 2700 4231 1525 1818 3882 1298 884 5837 9650 
4520 7464 9698 1151 4007 7011 2339 3001 9547 7623 3931 886 7997 1205 2163 3442 8585 9977 5983 4658 645 1828 6594 7574 1295 5209 2217 1517 7606 1197 5751 6413 1388 
5545 8476 867 953 1777 8491 7560 9251 5978 220 1589 6110 5848 4943 3592 3807 1925 6371 2039 4341 2649 1206 7956 7161 1414 4877 1202 1717 9635 694 488 3588 3068 8140 
1347 5337 1656 8107 2560 2370 8811 613 6298 2798 3164 660 5265 7740 7273 7953 8892 1526 8986 245 7216 7150 6836 3438 833 8136 255 2227 6456 6633 1690 9147 6646 2110 
1678 2587 6457 31 3696 5039 1724 1029 1818 8748 3443 2554 476 19 8936 4768 4095 3208 591 2661 5467 1347 4865 4454 6330 1494 5239 6578 5900 3457 7381 1456 5020 3987 
9578 1138 9347 2162 7300 9628 1387 4829 6057 8192 1590 4431 1379 3564 7681 9174 6268 5639 6899 2485 475 1799 4810 4759 701 5559 5785 8998 6887 4951 2378 3947 6891 
3444 6234 9382 714 2650 8965 1343 2905 679 736 3486 4758 1569 3126 2345 1533 1339 788 7772 4166 1620 7401 8942 4113 3488 1496 5201 7829 1100 897 1994 9077 6940 8735 
5602 1749 5543 8098 1388 1195 2117 864 984 329 7672 1335 2039 9386 5561 695 6864 7931 6132 6718 547 8620 3590 1555 3004 8359 8102 6935 7241 384 6002 5753 8463 141 
6220 8777 411 9 6853 527 9461 3139 2151 1357 8233 6396 185 1938 2617 4785 8943 128 1197 4774 2401 7313 2077 420 3853 3301 9456 8003 4479 7327 7110 2188 6751 210 
3443 1368 844 1109 5724 2029 9448 9758 4951 4843 2100 5438 7694 4305 590 1449 4869 7766 6999 7418 8061 6981 4874 9252 7991 3767 602 3563 6652 2439 6139 820 8941 
9171 5060 6827 2551 1327 6467 4020 9641 8878 9809 3252 5193 8787 1304 3712 8963 196 546 1654 8099 9265 5684 6027 2854 4148 7611 4628 3708 2009 3077 5481 4945 1951 
6548 7495 8684 1920 7038 9141 2103 62 6824 4730 2480 4318 2709 3629 7695 4841 3977 9868 3609 2288 9427 4081 6404 5793 9290 1826 9165 1960 423 8280 7383 8423 8436 
227 2676 2952 1923 5499 1720 1826 9970 2058 8428 3547 1661 2664 401 813 1541 1975 1973 9324 8944 320 587 7222 8272 989 1574 5452 3496 2521 8998 9169 6093 6037 3511 
1824 6041 6525 1301 7779 2150 250 7877 4609 3641 5961 4304 7399 797 6252 9313 4667 6769 863 5233 1596 2196 9085 4832 1134 6241 3492 8727 2181 3734 471 7212 2496 
6777 3795 3238 6168 1276 5460 4402 6665 2128 648 1749 6832 2617 6580 483 9173 2369 5510 831 2251 7551 3146 499 8678 5065 4625 2323 2860 8887 4672 237 7183 138 869 
2275 2650 6877 8366 5853 9898 9227 301 4664 4911 2881 1367 7380 6419 3829 1581 4685 7162 1368 3037 4407 8779 6072 9641 655 1246 6856 5383 6080 6358 132 7755 3812 
7521 3488 5250 8812 5517 3968 480 2865 3149 1854 157 2331 6541 7 7308 1986 6178 5687 1452 1124 8693 6758 3170 2486 2018 9026 2182 9742 4284 9391 6445 5600 5716 8957 
7991 5832 8521 7850 7658 4056 4930 9271 2559 1938 7930 1150 2907 280 2091 4164 2224 6721 5630 4316 1829 8927 7265 4557 4708 6655 9018 244 8147 4977 9579 4445 1301 
969 2167 3758 3057 2756 1045 6484 3779 1535 2770 6131 7810 7765 6795 1000 8178 3239 8892 5633 5914 6209 3714 8687 8201 9291 1336 7482 4981 2701 8864 7190 2724 9782 
3503 9814 4350 9679 4158 2622 1859 7963 1503 7356 5129 9458 5133 5402 8808 6990 503 1757 474 8453 1038 7202 6269 8857 1341 4522 3819 6349 5192 6675 5404 6569 2296 
2761 8426 6815 7111 124 2133 6798 2822 324 9960 8263 1047 8194 908 3022 6280 665 4235 6595 2477 1965 7048 5298 7393 4475 749 6920 366 3993 2549 1592 411 1807 1387 
9581 149 4742 6611 2352 7522 2992 9383 7739 8658 7977 4100 2351 5830 28 7911 7763 4214 7080 7042 7295 6109 2917 5540 9464 8056 8018 199 4924 5199 3089 3019 5744 
5395 5 9059 4904 809 3018 8623 5496 6725 1126 6378 7496 7018 1678 5893 365 2609 1036 8355 2261 7897 9584 9942 2451 2110 933 9994 1533 2269 4134 7857 962 2374 5520 
8847 4543 5523 4985 3190 9796 1417 5633 5797 2483 5964 4376 92 9000 359 4560 388 4655 4188 5605 4924 3938 1017 8234 1943 1731 3788 7702 4116 7705 5257 4207 3710 
4558 1689 2101 9510 6792 773 4498 477 70 5347 2113 7798 7854 336 7229 907 9364 1903 7339 5135 9869 7905 5962 7812 725 7413 7945 1998 1870 8386 9531 8680 4203 1427 
8343 3221 9452 3010 6802 6906 1754 6104 4737 6586 3461 8355 6393 513 5547 58 2538 7205 1308 541 700 3274 6300 7360 1480 5382 8937 5209 2730 9925 9774 6808 3542 1949 
8631 983 9400 7171 534 7426 4560 4944 3014 3801 5486 2639 1101 7619 4187 6984 6135 4102 2344 4066 9440 3332 6314 2900 9506 2119 6663 5373 3537 2001 9994 6996 5843 
2189 5229 7890 8148 5066 3591 3344 6056 1769 8484 779 2658 7349 3893 6767 1189 3939 6871 5986 7097 8826 152 9632 9297 7380 6423 9624 9258 1125 4156 1652 6646 1532 
536 6814 5066 264 5229 8706 1717 3692 7137 9567 8354 8566 2960 8066 1823 4509 800 3204 3263 1129 393 1570 1917 6663 8724 1806 9443 397 4946 8420 25 8555 9345 4528 
497 8051 5339 9934 9779 9482 4815 8161 7829 6079 2388 1608 2349 443 5659 2719 666 250 5829 4994 559 281 2517 6647 2562 8752 2679 716 4548 211 1760 1678 7921 7251 
3944 2380 5147 5386 9894 4091 3922 5719 4570 1803 1127 8246 4593 8826 8001 8292 484 7096 3536 8722 5602 4475 1359 8919 128 2244 6671 859 5662 1745 6786 9409 764 
5076 2309 5061 1292 484 6514 7111 9897 578 9941 7366 1289 6959 5469 7312 7007 4284 9813 8808 9092 5682 84 1882 1463 7620 5202 9500 5010 9345 8044 5397 6911 1806 
6409 2338 9547 7764 1453 5366 4618 773 4622 9122 4443 5381 2006 5925 509 4951 5177 3078 1874 6261 8952 5184 3315 7908 4068 4237 7077 855 8614 1574 8730 5570 2175 
2922 4666 7490 555 4925 7444 4444 9964 6706 4368 9652 8052 6541 3031 3935 8835 5938 6149 5034 6914 4626 6477 8924 5086 1655 6909 9321 2457 8093 3956 281 2222 7156 
1042 5752 5444 5715 1247 5631 9269 3488 9150 932 2783 4285 771 9757 4042 9205 195 3659 7195 4263 1435 164 9656 1905 2868 6785 1197 6130 21 7369 4287 8329 842 7005 
8175 8689 4131 2055 4802 3009 7424 1517 6878 847 2395 8458 7479 9334 4534 2158 6219 1944 72 3108 7066 853 6626 1957 1802 5115 1286 9180 5690 8832 1242 1305 2310 
3055 57 8954 5642 7920 1131 8231 4219 1707 7959 6988 5410 7421 6838 2317 4682 6540 6729 5685 8956 9000 5933 5311 8904 8275 9038 2808 1639 8466 1034 1541 2911 116 
984 6945 5991 5507 5529 730 8492 2296 7213 4285 1987 1972 1481 2590 4783 5180 2680 2269 4853 3188 783 3989 1406 7088 1493 6263 7998 4439 9555 5127 9315 5593 4728 
4165 5167 8770 1953 9806 6585 2911 6839 8500 6481 1665 7225 8731 1923 1552 8892 9221 6638 8737 2783 4129 4182 6827 1028 5072 4678 8598 3916 6152 8522 2837 7106 5196 
3147 7046 1211 3547 1356 6568 3212 1464 518 1516 7837 6555 8543 2063 2189 2118 4079 70 4086 8538 9142 3787 5250 5674 2248 2968 7310 464 7339 2385 5325 1072 3955 
7079 4032 8410 8236 7306 4101 9763 8072 2254 398 3014 280 2449 2932 7446 3760 6252 1851 1784 1399 2521 391 6495 9164 8676 6239 584 1312 4100 3521 4807 5039 8556 
7847 5377 7552 189 2505 892 3776 3711 835 2356 7049 1167 4568 9215 8457 9291 4854 2339 7568 8604 7916 2406 7930 4259 2217 5254 9183 8871 5527 5867 3431 7502 8937 
9338 6673 4074 48 2635 4613 3126 4548 4429 7497 8769 3009 7880 4994 7530 9648 3203 5771 1405 7911 263 7242 1196 8372 2660 6737 306 2102 2930 6818 2884 6892 2475 
7239 8841 3587 8152 9921 683 8553 4681 6239 2990 6631 4808 850 5025 559 8512 94 8547 2931 3370 2612 72 2838 8280 5725 1340 5398 8358 6937 8311 1850 2574 8554 9857 
1368 5355 4154 136 3179 5856 4932 895 2435 1657 8626 7705 6301 9698 8899 1447 2453 1479 7439 6111 9833 4892 9405 3166 5568 2030 1716 9262 4490 7481 2497 9051 8570 
1372 2426 8178 3761 1834 5664 3340 7117 994 506 602 5058 1025 3743 7009 2887 3558 3012 4712 4116 9175 7000 767 1387 1970 8667 1394 1573 3414 1382 9374 62 7011 3895 
1684 1716 6559 7563 3900 9835 1835 6562 9995 3861 661 5997 1464 4800 559 7435 8683 3760 5104 2005 1848 4095 6490 422 5003 7634 9420 9023 9267 414 600 3914 3860 1770 
4039 8493 2711 8375 7948 4753 197 286 5767 7460 997 1224 7115 9468 9938 148 9489 3885 672 3556 9278 9196 5024 3289 4611 3509 3730 8353 8611 4650 858 1966 6651 2285 
8166 5752 9549 2625 6767 5221 173 1435 6655 6584 9840 2990 3330 9672 7505 6376 5296 403 1542 3399 6569 6931 3699 6128 8786 6767 2269 3393 3471 5349 6833 4277 9681 
6375 534 2840 1602 99 9472 2732 6671 535 1799 1467 5590 341 4392 6413 2031 8355 938 5485 3856 5799 1459 5207 3179 1009 9244 8085 4363 3817 5395 1307 463 4346 2319 
5951 6774 9663 393 429 1372 8590 5273 6249 852 7938 8222 7974 2678 6365 1570 5799 4042 2141 3806 2276 7750 590 3658 3487 9141 2577 7671 8952 1977 699 4464 4862 1762 
9201 9726 1270 1039 4259 8988 6577 7892 8791 2667 8233 1133 311 9527 5340 6162 4285 3945 365 6059 1950 4381 5015 2518 1845 2903 1523 6710 3394 4050 364 2383 7314 
9865 1809 5280 2448 6426 1275 2895 5308 1463 5871 1243 3004 4575 9158 6654 3872 7917 4011 8225 3994 1199 437 6613 685 7625 2070 943 86 1835 67 5700 5913 6033 7333 
4726 4989 9209 1518 6685 442 3946 3840 3417 1409 1235 5723 3830 317 130 3718 2625 4249 5878 9872 6491 5938 1207 5143 6444 9823 7796 7769 2346 222 6285 6329 5497 
3408 9251 4676 261 7688 5053 1060 9086 9424 2172 3092 1715 9116 2288 7030 5891 5475 2172 4098 3551 524 8616 4031 1540 4117 8358 1319 3128 474 1511 4326 7506 6163 
3839 2163 3727 3854 2550 2419 707 6176 336 7209 7901 6310 4464 1922 1214 1825 4744 6241 2138 5137 7652 6294 48 8641 1928 9221 3495 1283 8198 2820 4457 8637 3317 
516 7365 1829 1502 9844 8991 6649 2361 6370 5691 1250 9560 3412 7274 4378 242 9014 5700 9323 1715 2692 5111 8762 593 2331 1838 3972 2898 4811 2774 3143 3404 6927 
6093 9508 8110 8464 5675 1060 8557 3991 262 3833 545 9714 9312 9446 7298 3017 628 4865 4269 2721 9825 4008 3963 6624 118 7010 531 9266 975 6152 4574 940 2239 867 
8636 447 9055 3783 3990 1375 1429 7265 8756 6085 824 1965 8224 9505 2419 7932 1610 2916 9384 6371 2557 3197 3239 1111 3313 9426 303 6600 6514 1682 4 427 2178 8393 
146 8893 171 9411 9185 5300 5591 980 793 6568 1780 6552 2280 6931 1170 5782 8930 9236 3342 1034 6280 298 1828 4500 3020 7583 5360 1707 6531 1555 3430 1941 6524 1851 
7828 6875 5393 7769 2516 7129 300 7582 4246 116 7756 3582 2141 2559 2935 2915 8040 5935 3426 212 6724 7966 718 9126 3697 3149 837 7091 9922 6701 6791 587 1369 7663 
9326 2281 4898 3226 376 728 2814 8510 6566 1221 7619 3223 4128 182 4818 4356 6268 5963 4250 9272 2175 948 8859 497 3810 7028 9245 9783 7800 2724 2722 5255 4896 2523 
2633 2241 4150 6957 3892 7934 1071 9889 5228 2022 6261 743 8292 7873 3807 1513 6252 6604 1028 6930 9095 8895 2049 829 7359 7036 202 1743 4727 6554 6190 9959 8448 
340 1934 8613 3104 6940 8270 6777 3729 9171 1341 2925 2294 413 9682 1366 1875 2416 872 646 4637 5838 8491 4038 288 5812 131 9123 2208 8050 9168 2134 6209 7963 8903 
4968 8059 1967 8108 1317 1944 856 5168 3057 2640 8257 2174 568 8632 2366 7392 2602 7702 8407 6247 1047 6888 2199 283 504 3669 5813 7200 7135 4307 7056 2953 4991 
7275 9040 6865 1790 1531 5835 7336 8857 6058 8341 2506 5785 6865 9148 3463 4694 1416 7107 3070 1257 7151 8252 1611 1222 2366 2108 8291 3594 5038 2762 3006 7345 6794 
4839 3764 1483 6976 7765 154 4975 4029 7185 5471 385 6984 8659 4051 6816 3661 2024 9656 4611 2829 301 8859 2470 8003 6014 7860 8991 2458 7264 1771 9318 798 5628 
2670 9764 8369 7341 8033 5755 7247 1965 7109 2118 7763 1066 2380 4722 5995 8367 268 9902 6810 3408 2258 8975 3965 1733 5961 279 1760 5947 219 3431 993 5559 9318 
2082 8628 6765 2563 2468 7321 3904 4259 9282 8044 5275 9931 2164 4732 6463 2114 929 4814 4142 1369 1321 1154 8583 2826 1561 8198 1235 5875 6363 5529 1136 6853 1660 
6275 1435 200 546 3380 419 2242 2413 2266 8924 9208 1516 7094 8994 2579 3108 2625 2270 5703 2557 8619 3773 7792 1950 5397 3215 1758 4490 6240 3982 1363 9498 7125 
3792 7353 2349 8230 8510 2713 9197 2165 5622 9274 7620 5059 9294 2615 6863 1627 1834 6869 7122 2929 6863 371 5564 1509 7321 1906 5580 6941 842 5271 980 5362 2244 
6990 5470 3897 7529 7505 9564 6148 8785 1914 6707 4282 284 4421 3163 8805 1144 9194 1920 1562 2533 4714 3677 8591 6647 1383 9866 664 9116 1177 963 8002 1167 3102 
6124 8851 7484 5858 6753 1617 2261 2703 242 2403 4 3766 1823 1205 8945 799 784 9520 5047 2382 9801 457 5794 9046 1740 9657 7484 9090 3151 2125 1977 706 223 782 7967 
1651 85 4339 1401 6546 8312 742 4382 9362 435 8709 8253 828 4473 9946 4860 9574 7990 7597 6402 4775 5288 9848 818 890 1790 5947 2057 305 3375 2129 3689 6172 3887 
1218 3063 5530 6237 8139 1697 9024 2672 6795 820 2216 675 736 6477 9899 3918 5025 543 6705 1528 6381 6341 8632 7210 4980 4760 1732 2581 707 7251 9814 6871 918 2837 
1072 730 1578 2582 6280 4445 6545 2670 6155 8471 6233 2290 8836 8265 591 7329 1229 5635 1920 862 9013 7514 4800 3246 7538 72 158 837 5913 4453 472 588 2844 5429 
27 5558 995 6050 6334 258 9326 2172 9999 2579 2042 2253 510 9071 6834 2481 1737 1845 600 1350 4887 1107 9604 6705 3961 55 5212 9202 5278 6612 7077 9208 7206 4262 
8745 5560 2905 2618 505 3018 4809 9976 2581 5956 1061 2354 9193 6635 6928 9106 4906 679 9249 3439 2530 5799 8652 7328 4792 3157 5265 8244 9956 6795 4979 4689 8673 
1590 8604 908 1188 3641 9887 9464 2620 9989 4126 9730 538 4056 3965 4813 5315 9076 7495 9609 7475 370 1679 202 212 2742 8730 8790 6992 917 9963 718 5636 3300 302 
4400 3893 9138 3673 1149 7271 9977 4416 791 2428 401 1305 1789 2618 6822 7599 2186 3856 2058 9706 1339 601 1086 9567 5824 4722 158 7988 8580 9129 5930 3239 32 7703 
5996 1055 5789 3520 3159 9475 5561 839 1020 9386 2444 9479 5811 2067 5243 4880 4968 1382 6828 3567 1236 6201 123 5169 1102 5800 6860 521 8033 1023 1779 9952 5936 
1674 961 5756 1783 9679 1103 6613 2659 5098 1536 8739 1253 4537 9889 2012 2899 1801 1269 285 5712 3729 3967 6918 8958 429 2030 1355 5936 4558 1280 6233 9300 8848 
7664 246 9713 1004 7682 3307 7294 9007 18 646 3363 8715 4903 7739 3812 9740 989 4876 3115 9006 6675 6809 1397 7053 8450 7817 2048 348 8288 3161 1666 2346 948 8964 
286 9490 9834 1044 8291 9203 121 4551 1206 1135 8868 5574 9825 1495 3598 8867 5356 7255 8001 2705 5787 2830 7296 7960 6552 4961 4683 6680 2 3921 6515 222 5685 6778 
831 8197 5948 4684 4735 5519 1621 3935 3567 53 8292 1507 7358 5659 4891 6534 9199 726 5353 4138 399 2786 2944 3334 2153 9920 971 1771 7958 2509 4175 106 5449 1401 
257 3668 4634 2182 296 2082 5057 2271 2421 4502 5654 6059 7489 498 5798 3554 4085 6568 1945 5167 3568 465 8353 871 8164 6082 5685 8953 1794 6779 1664 6614 8136 9122 
179 1651 5160 3376 5362 508 6186 6122 4222 5516 9461 2867 6526 2122 4602 2159 1236 2614 3009 9723 5213 4709 2104 716 760 89 2360 6934 4491 9748 3435 4926 4082 142 
2988 8449 5242 677 9421 8453 6686 6885 3199 193 7151 8393 6445 2169 2697 48 7466 9005 5091 1475 7468 1523 9367 1094 1305 9073 7683 3276 4161 9711 5247 1280 3868 
3533 2496 5874 4422 5569 9021 431 6103 164 9408 2581 4392 4301 3103 2564 5379 109 156 1160 1402 797 7273 4551 1835 8997 8192 3462 3555 255 3858 561 5664 4924 8126 
8522 7643 757 9556 8290 7190 2228 1003 1462 9074 8243 9888 7131 4037 6597 8544 3085 7978 52 903 4917 4936 875 7242 2057 712 6389 754 6424 9553 7286 1866 6534 8006 
6521 7275 2773 483 9737 3910 69 9124 131 7298 2589 4039 8700 4358 9290 5426 15 3497 9591 440 6170 328 7374 2728 6090 7433 9182 22 2579 7725 7150 8590 1812 746 832 
551 571 8842 1690 1797 5317 238 721 993 8409 3208 5606 6140 7862 1719 2310 8721 249 3380 445 5323 6548 6669 6554 2104 1131 8447 7561 3868 9264 3657 4061 6344 3746 
8015 636 6813 8370 8732 5184 2124 8854 7740 4426 511 9985 9049 5290 701 242 9364 4396 6682 9708 7430 901 6909 6102 2744 1519 9079 9028 352 8690 3520 5574 2380 547 
820 7536 9620 9809 2430 3226 8267 3629 2020 1992 2390 4314 7843 4412 7217 2310 1916 5658 8270 1991 6095 717 3599 6569 2551 4936 1990 1127 9351 3504 6091 2249 1859 
5816 398 301 1922 7549 2141 2120 4914 5939 5464 878 460 3855 4611 1057 297 2007 2860 4231 9094 3798 9965 5743 5076 7269 4852 9653 1652 9510 3106 1428 5969 2658 6449 
7003 4989 3447 5450 9827 9297 5866 2645 2816 1103 6963 3489 6838 794 2809 2759 9437 1417 9771 5066 5864 2679 1057 8642 2723 8783 1170 586 6492 2278 1191 2742 3204 
3801 5376 3017 469 505 2261 5126 3669 6708 3264 1765 8572 9302 8569 6344 1299 1888 354 8094 4781 1703 5013 9880 666 2416 7194 9963 9642 683 2061 6597 8527 8301 624 
1171 3254 803 4829 290 8856 6451 9582 8853 3435 5877 9008 5415 6446 9875 1173 6977 8598 4797 4297 206 1218 7535 824 8636 8565 2471 4062 8758 8309 4514 9311 4976 
6720 1078 9720 6803 2895 5589 1109 138 7933 3040 293 4124 617 5290 2378 1147 7209 4927 8822 9147 2290 9669 899 2743 278 322 737 4017 6990 1774 7157 5464 2120 7450 
9535 9519 1554 2689 5869 8044 6824 7470 575 8974 6954 1358 6955 1539 1537 3063 2178 5816 5363 4890 4626 9922 7285 7685 7613 3357 6417 7195 9946 707 4505 200 4395 
111 8634 4096 1951 8195 356 2775 7224 8823 1545 151 6255 7826 3524 4333 7174 2749 3164 5348 3743 9318 5881 1095 8364 1811 5847 6737 1831 1977 2712 2071 2562 3675 
9183 2232 273 7718 5338 9492 1287 5949 6815 443 4462 8416 3371 8023 5835 9298 7526 973 1121 8811 619 2320 4181 7835 9175 1367 4258 2049 1072 1663 7054 9355 7352 
67 124 2479 2369 7852 3028 9449 5364 932 8592 7685 2301 5887 2168 2703 2153 540 6928 5017 7074 7288 9936 6701 7706 8133 7044 2436 471 8345 4565 6951 9166 6649 3625 
9844 2003 2247 4694 6306 4431 9785 5725 7048 8099 1069 8324 2556 924 602 2468 3288 4615 1624 9717 4337 7383 7395 2838 1690 53 7340 9313 1382 6360 6032 190 8686 6885 
3997 4983 5858 1432 4019 1309 3891 1268 1943 6745 3568 5127 5486 9109 479 3634 647 6828 6255 1559 58 4350 8795 7219 6336 889 9921 9775 8354 373 1076 2385 6887 1806 
5328 5657 8424 856 4332 8873 2743 782 1108 691 1136 5515 2183 10 5534 3789 1390 5458 7568 2662 4239 5929 2718 6405 4960 4890 9831 4788 8896 3199 6092 2291 7059 3799 
1107 2710 5996 9001 5700 3003 128 8184 8504 1486 5496 8951 8228 9568 9959 4479 4688 8917 2781 8398 2492 2189 6779 130 1685 4117 1688 9511 6485 7247 2980 4429 6249 
6351 5243 7997 7207 728 7932 2813 4623 6886 6250 8386 6529 2349 1138 1430 9487 4322 5150 5099 9669 5481 5242 3023 1222 175 6037 9760 9865 9464 5675 9057 8580 3020 
7168 5997 5047 9421 9711 2731 7068 9948 6244 35 6237 6764 8151 8225 583 3991 3578 295 6878 8273 868 1272 6289 9306 7264 1714 4960 951 7311 1067 7835 7859 1141 8624 
9468 2066 3011 2425 3959 662 1552 9409 1777 2198 4877 6949 2671 7563 6265 2043 9217 1773 995 7221 815 8990 2190 3094 7426 2932 7946 8484 8134 541 2496 8062 414 5327 
8798 6560 9497 8462 6980 277 7268 1713 4782 9869 8224 7510 2915 1119 3173 8101 6381 7856 6503 6771 842 3716 9848 312 9986 6740 5838 1875 2538 7521 9222 5084 9321 
2744 5657 1770 6073 7431 6526 4822 4752 5582 3025 7440 271 394 467 4129 4603 7566 8369 257 282 8883 4505 9977 6496 1442 3386 9963 9611 5695 4155 6433 252 9384 495 
148 3879 6685 4760 5790 5724 8403 6170 8257 9975 2692 1441 5945 1124 5386 4741 960 3544 2156 7837 8033 4588 7303 9298 1279 8027 608 8710 918 9614 6137 5380 8754 
4182 7650 2409 9791 9290 1746 4531 6465 9009 7398 1673 3318 2066 522 4492 2152 2394 3654 3213 7030 7566 9210 4335 9590 833 237 5005 2068 553 8994 6687 4510 9501 
5420 1305 3987 2161 3668 6597 1401 2022 4920 899 766 7595 1286 9805 2705 2873 1754 6464 8738 5549 6692 872 2567 5351 1885 7626 2625 8563 1355 2408 3775 1093 1652 
2977 7521 3403 7936 3095 2463 7934 6689 245 3722 8536 6167 6177 5395 4220 3087 2046 4140 6547 3916 6293 6876 4867 3881 2549 3479 9797 9566 8 1900 1718 721 3112 3216 
7198 4654 3602 188 7168 2394 3305 9603 8065 1061 6878 1991 2717 846 2416 7900 3686 2459 9598 8620 8638 2809 980 8572 9991 3537 6870 8143 5640 1868 7094 3114 2851 
4104 5468 2408 8885 2747 6135 7807 14 967 4031 5395 5074 9247 3116 2201 9679 1305 2028 2895 5728 3508 5521 7226 1 8892 4314 9055 3091 1516 4 8470 7554 1203 9359 
5324 982 5019 645 1416 5031 6598 7529 4113 7812 2457 461 7373 662 4077 902 5933 2864 4611 5700 9047 3034 3128 8044 6788 5807 2650 5544 9756 5315 8282 2019 9662 89 
1970 6749 9957 1651 7769 582 3943 651 2276 2152 1263 9586 9040 9621 9566 9352 1309 739 1789 5723 3917 1541 6326 7027 9277 5421 3892 3565 2307 7966 56 1574 7385 2983 
478 3531 8937 6940 9055 4815 7690 55 5399 7293 9097 3824 154 2158 5979 6792 7955 1516 8034 1596 8253 3192 6430 9960 9782 9322 4886 5034 8433 7847 8840 7577 8170 
9447 7501 3670 911 264 4240 1265 7757 2509 7329 3535 7961 5291 8628 6938 6497 1749 5199 8314 3218 550 165 1955 7242 1952 5036 1599 2320 1746 2166 1229 5747 3295 
2734 1145 2113 8461 8497 8735 1066 779 1455 3786 547 1495 3681 1186 5583 7342 4238 6806 235 5781 4793 8357 6376 4248 9181 2115 2079 385 6988 3258 4064 8555 5780 
287 5324 9607 8051 6183 8964 1071 6604 154 5537 2249 426 6471 9829 2639 4149 3800 2849 2605 1187 5814 2665 3050 8384 1584 901 9610 1185 8217 4265 2130 3494 8096 
6040 2638 1518 419 9844 9169 7007 7062 1689 5003 3638 6657 3067 8799 1340 3800 5740 5173 5706 5135 1875 1389 1118 8317 4810 6774 3662 9280 5638 7742 9068 6578 2588 
7994 3003 9019 8546 1512 9841 6710 596 1475 3582 2536 1113 7639 4092 4623 9189 4678 5735 6823 7919 6347 4958 5635 5430 7964 7115 7626 2223 6997 5871 3823 6130 4851 
8706 8181 9127 9661 4154 1843 1147 7658 9849 4597 695 3327 8092 1860 5234 3816 5217 5543 9462 2890 3193 8473 7217 5238 2495 284 4509 6624 1911 3998 6193 3888 7546 
1035 9321 1992 9169 8516 7828 7208 288 255 3293 2383 6437 2719 2589 8483 3585 1189 1614 6643 983 2311 227 7690 1778 9520 2198 5702 8140 9048 2370 8986 6700 405 8850 
7537 8751 1633 3497 821 1002 8319 9604 6447 6863 6649 7260 6079 4063 6747 1473 46 5359 7637 9044 4849 7965 1757 8675 3969 9077 1459 4315 3833 5439 8809 9416 448 
5867 8339 8305 696 1888 2827 4002 7814 1745 1945 5321 8275 8130 8737 9813 6194 3529 3788 4924 6051 7848 347 4845 7975 2186 9801 53 2549 220 161 6405 2765 1966 4625 
771 5003 1098 9213 80 5597 3636 4679 3979 9944 1058 6765 3860 7769 2878 3411 883 3832 6474 5571 9754 4929 2340 418 3208 3526 2362 837 4416 7807 2063 4259 6713 644 
3343 2605 6183 6796 6959 7003 7738 231 3608 5673 8357 2569 7126 4162 1074 2231 9916 172 9972 1623 9051 8501 1932 6659 3138 1371 4497 623 6887 7090 3082 1564 8823 
7825 8797 6299 3547 1614 6702 4246 8636 4460 6192 9051 168 5314 6943 1258 2501 2750 5745 5505 6470 7018 5514 5046 380 9229 2447 7541 3502 3509 4126 9371 1532 8323 
9164 1346 9872 1751 3806 1373 8950 1823 7773 2487 6077 1146 1075 7959 7886 2674 6539 3607 621 9481 3304 8821 175 1570 7748 8313 7451 7220 9693 2712 947 2779 7739 
8761 2581 1199 356 4198 1148 617 4419 1573 8029 6483 583 2583 9679 2399 8264 848 6010 5483 256 1321 2403 2483 9095 2275 5079 9703 2463 4509 5879 6799 1425 6023 4658 
5357 9416 5111 5625 6162 9436 9052 2143 7763 3714 9650 3583 7917 8818 4501 7939 5159 1384 2922 2434 215 1632 6650 3977 1287 3484 8112 621 153 3576 5733 336 1865 
720 6937 1027 2402 8112 1093 875 6436 6011 9647 5255 5541 5312 6958 7424 1957 74 7199 4961 2710 2487 1015 5306 7307 8332 1146 496 9536 2295 2843 1879 7211 1301 4004 
2562 5746 3877 6217 2394 7261 4156 4568 2446 2349 5770 8499 122 7101 7005 6466 171 2072 8004 66 401 1948 951 9971 4614 8573 6598 4657 5566 124 8255 2144 2624 9529 
452 5294 3972 5543 9356 5139 2861 1280 8504 8988 6329 664 1225 73 6502 2870 8208 3619 3543 9936 886 2450 343 583 253 1902 8478 6483 7046 8693 1234 6784 5237 7084 
5824 2665 1186 6361 3531 3267 7202 6176 8212 7726 7381 3341 1722 1063 2337 9378 2580 3777 4975 2417 1613 8582 708 6588 638 1641 5971 6954 1139 1933 9312 2701 7271 
3323 2056 6434 9745 640 3072 2937 3651 2213 1883 7558 3552 7843 4384 1862 8303 2055 1195 5206 2301 4210 4627 6913 9479 7028 8924 8968 3336 1866 5742 5607 5040 7222 
7205 5062 2278 9886 6538 4493 6863 8599 578 1051 4576 259 9254 6249 8912 3896 4819 426 5617 4340 658 3430 1537 158 4331 3815 2620 4863 2341 2691 3268 144 4705 3452 
4003 2725 6168 1189 2240 9131 8306 2582 4561 3358 1065 65 4480 4510 6717 8117 3025 7235 1129 6275 1827 6319 4518 1007 341 4434 5071 4889 3498 3956 996 1549 512 9502 
819 1256 1582 2138 3811 7949 2604 3580 1459 1495 5255 6881 595 5359 2549 3624 353 3471 3397 4109 9111 4328 7803 2717 1874 3793 1915 8295 9814 8034 1188 5792 3025 
5280 8560 9258 3133 1689 3288 4294 7450 5538 588 7303 5756 7967 2164 5625 1856 932 3313 2674 3332 1833 8407 7080 5448 8883 6575 3347 496 5857 904 8564 1771 6195 
4254 9909 7913 7074 526 8563 3576 2316 2776 5386 1567 495 1942 592 2847 4152 2204 7237 8007 9244 5505 3513 6632 6454 5709 5375 2440 8402 6627 1712 5258 4826 2689 
9587 5389 6112 8181 3611 8052 2603 5987 1282 2998 693 1908 4501 2519 3748 881 3567 8487 2087 1776 3242 3785 692 7726 1187 8951 8863 5278 4366 3668 4349 8689 7099 
98 9546 9446 9127 1077 6760 1796 8453 616 1658 4182 3022 6510 992 326 7975 6796 4627 925 1650 6181 899 4601 3672 5094 3630 336 1510 867 8596 8325 6261 4945 2393 
5769 6190 9301 3035 1955 909 2285 8613 3603 4293 2446 3972 5091 85 6718 7095 9375 8282 5075 4268 9559 7957 4299 3368 6306 6126 2701 8215 6773 2505 8432 2870 9621 
8344 5819 2028 1785 8737 1469 6592 1572 7842 4398 1431 977 66 405 1229 2879 2377 939 7574 6623 3554 2831 1941 5948 7056 1468 1741 1083 3504 6361 6230 4499 7758 8479 
9459 7854 9802 2768 9361 4976 2891 2885 1698 120 6932 5609 7499 5444 103 3461 5483 8298 2216 2555 7485 3045 1139 8679 63 4013 8545 130 932 2154 4598 6041 3399 297 
5278 2542 9426 7264 2826 7645 3757 2063 1941 146 7882 2103 93 8777 2241 3424 1774 5398 9640 7942 3840 5062 7493 4659 4692 6741 6935 8131 426 9249 5346 2195 2424 
1055 8025 7371 726 397 6176 3758 5197 7432 3090 6144 6833 9471 5521 3784 6140 1655 4013 6470 3086 7793 2391 5062 9554 6025 8470 1765 3730 831 842 1267 3501 331 7902 
8026 9368 3773 2643 6799 115 947 2571 4646 2813 111 9811 5802 7003 6152 7717 2718 3733 3264 3773 9133 6817 7877 202 5113 2693 4428 6087 9874 2391 6299 7771 5749 
2919 693 4734 183 2351 2540 7277 5714 1913 1713 7487 7776 3826 4848 3833 101 4798 7083 3006 962 7948 563 9371 2326 6891 8430 2403 7784 5213 4949 615 9779 8011 9453 
6376 321 4713 1353 6895 5707 4940 7278 6045 8175 457 6535 2478 4756 7759 4074 9348 970 488 2410 881 4741 1132 4910 693 9404 4167 2338 8153 1453 5436 5869 6618 2723 
9482 7667 9850 7546 2398 716 5332 7346 216 69 6975 2146 2722 2741 8869 831 5295 4578 1140 8558 4385 693 2516 3782 302 2891 842 2058 2915 2205 9628 5845 7785 6291 
3302 9638 4487 3461 5853 5807 8040 2674 2147 456 5023 9108 1066 3017 8232 6595 6363 9928 9777 3513 9017 144 4137 3862 5106 9443 7863 4406 1926 2784 1294 3167 1451 
4184 32 623 4928 1486 3872 6102 4321 1662 1389 7343 7786 5712 1244 8053 432 1564 132 3092 9228 9583 7808 2573 1641 2479 1856 3166 688 8508 2226 4305 8929 1640 3088 
996 533 8648 6505 6009 5794 1531 3780 6367 3231 8970 5121 8608 1497 9969 5203 1132 7301 606 3996 1943 5414 3831 6167 5630 9905 928 8876 1312 4639 3485 1871 3658 
228 7269 2506 5347 5902 4088 2780 1546 6719 258 2898 6284 9215 4368 1669 251 9739 9122 3156 4955 9058 8882 8995 2623 4226 7061 7316 323 8991 7759 8757 8603 9460 
1964 1755 2668 1645 4380 8670 7465 5459 8910 3684 1938 1977 544 5906 5048 936 5686 7360 8499 5014 9577 2701 2487 652 1330 9699 6916 2823 7992 1355 9502 8798 6454 
4676 6589 2598 8480 1425 7925 6243 9975 9905 6488 4145 2538 8451 4874 4866 5488 8152 8454 8920 6116 2107 7248 1300 8336 5951 5658 2320 8733 8665 314 3931 170 7774 
6860 1539 3483 5181 404 6519 2068 1760 9223 4349 8182 3999 4459 6162 1128 8693 4604 3456 5258 6199 2608 3413 4551 2083 2253 5794 5561 3845 3145 2896 8881 5328 4995 
7210 278 3771 9904 551 9517 1065 2264 2726 3563 5246 1586 9040 2616 2686 6797 1736 9252 8120 9025 6582 3854 4644 2469 4132 610 5289 4850 8856 1298 466 9176 8164 
5241 7954 9568 8794 5756 1877 2257 9844 1330 7976 6647 2835 1829 4380 7713 3910 1369 3479 6170 8286 7533 3500 7674 4191 1504 2780 8733 90 774 8557 9349 617 1307 
2650 7292 2985 7159 4331 5292 3311 4082 8742 3090 309 8057 8566 2864 8868 1442 4811 7394 5590 5981 1826 9300 1564 4124 5799 1778 9997 2532 3816 6592 592 6900 2475 
7419 1052 9206 1875 3680 2238 3748 9951 5275 2732 764 6116 6130 1464 9255 6044 8035 8982 5302 7806 9915 577 910 752 1257 4330 4742 3771 2051 83 4238 8974 6279 7739 
4786 1270 9172 8939 6047 6476 6778 3105 1286 8446 8687 5290 6687 3571 7108 5766 703 8473 3848 7062 5325 8210 9819 2265 1905 3727 2469 2584 6558 618 1111 8446 9730 
1514 2514 9996 6652 2883 392 8476 8365 7517 4544 3748 1106 711 1149 1133 4801 4170 9329 8357 9089 8434 4862 1490 4239 5067 4653 2024 8127 2808 3907 5388 6208 1530 
8353 730 562 5134 8123 1012 2620 1368 1611 7900 3673 4944 4838 5397 7619 5786 4655 4996 2180 1386 5771 1420 1064 9719 1013 4907 4231 639 3107 4207 6561 4171 8633 
2429 3802 1653 5660 771 7609 5815 6793 3084 1036 3446 7607 1220 3822 1983 8187 1789 3900 1185 75 8289 4644 155 9556 936 1182 3367 9135 125 7775 6679 3666 3420 652 
2255 3444 5695 5997 2755 899 8906 9170 322 8105 9155 8250 7507 3883 7814 6273 1647 5588 7911 3577 2160 5586 1321 3549 9944 560 6255 7010 1301 1060 5233 3647 1988 
1129 545 623 1859 2031 5407 4004 9371 5890 2106 2078 414 1305 2583 5116 5213 8271 9527 9410 2061 2775 3236 2460 715 6236 5292 3298 1902 2327 3666 1884 4524 6517 
7969 8968 1647 9431 2434 6329 3017 8043 5328 2194 6534 2843 9882 36 2322 8837 4729 8325 7803 395 898 1762 8487 8700 7822 309 1817 7971 488 2714 8768 7694 8503 5919 
2880 4098 269 4122 1685 5324 7503 4592 549 3723 2230 6130 7574 7213 7460 1146 4032 2247 6187 4632 2996 6937 2315 4662 5998 2400 8971 4514 2246 3662 5034 1005 701 
3703 3462 4687 4422 4942 1357 5437 4915 9232 6418 5054 9730 4238 6786 6107 9783 6033 6327 9733 3675 9145 6829 9307 9941 87 1123 6683 4953 8171 36 8393 2494 448 8070 
3583 2741 1623 275 5540 5398 258 2439 6719 7245 8274 9657 8845 1861 6754 3438 9522 8579 5510 4537 7373 6919 1102 7687 9646 3806 5887 2171 2428 8956 9364 8885 7394 
5080 5473 9993 3115 5544 6056 9021 9294 2735 1360 5378 4107 388 2243 9447 7478 996 9894 9274 2163 6283 5582 6449 4851 2655 6225 4152 3790 2398 3851 3899 3730 1273 
4114 6903 8250 7744 3180 4700 7506 1280 1984 5605 9578 3259 5930 2251 2570 8375 8147 8919 8853 697 2032 2855 2001 5043 2281 9347 4406 1836 141 912 3988 3615 1620 
1444 1210 4935 1013 5675 1572 2121 618 9882 7589 7218 6849 8482 3094 2323 2563 4775 7261 602 3482 2162 129 3139 9135 707 7004 6206 7298 923 5059 4099 1278 249 6899 
595 75 5188 8268 1425 9718 2872 2338 6786 4094 6276 2833 2448 4656 3267 7377 5285 4102 5594 8218 7110 8315 1842 26 1149 4450 3669 7620 6108 2824 3999 2092 8751 5414 
5213 7089 9521 9884 1593 969 9794 9595 2505 9363 8679 5153 7636 8297 6274 3658 342 1813 5748 3333 5942 3781 1152 6325 5926 6146 9954 5209 4027 6509 9504 447 6463 
9627 1968 9236 8179 9731 7386 878 5544 5749 4479 1230 1775 2062 6714 6448 639 249 309 8613 6856 3224 4016 3251 4902 7827 1182 6603 9560 1744 736 1420 8385 7427 2950 
2342 2655 5048 1250 1073 9738 4383 1936 2047 7471 5351 7524 5135 6686 8351 6210 6099 5248 6249 8083 8389 4845 1951 1190 1621 6637 6794 1942 7414 9165 1361 9115 4682 
4629 5215 6387 603 935 377 7298 7676 554 6718 2936 7983 4649 1967 8562 8648 5206 7088 5011 2193 5970 7760 6613 4095 9185 5302 2090 342 1257 7788 4040 4793 4364 1473 
1109 5492 6487 8169 4814 5709 282 2120 7726 3320 7736 3504 6638 3866 4865 2918 7000 1792 9999 3819 1008 9842 9021 5546 8997 7714 3087 6861 8228 3817 8942 4165 1502 
132 2482 2154 7355 7418 1029 463 2751 2306 2357 858 2172 274 8554 5555 6792 539 4618 6954 2097 5588 7545 5982 3790 4339 1813 9756 6343 5955 6097 1044 9736 6211 3743 
1586 4722 3291 3988 4219 3874 4469 1959 5718 5526 3913 7418 8686 3213 1224 1788 2245 4527 5582 4045 9707 8141 8930 1636 5903 2746 784 8686 38 8522 1017 3832 2906 
9178 265 1006 4340 8576 6633 421 796 2292 1733 486 8944 8399 8401 2204 8564 2642 4984 161 8921 4267 4726 4419 5761 5956 5398 1917 946 6652 206 7811 1881 7147 26 
1821 5344 9344 1222 8664 4291 4988 9904 1913 9296 9492 7757 2532 3038 4947 939 8188 4303 463 3334 4604 6344 9725 575 3349 5440 7927 1194 2249 5303 1981 2407 2983 
234 1978 9028 808 964 4760 9345 5434 1191 2486 5043 3706 9355 9641 9805 7239 102 33 6428 4293 157 6430 9074 1200 3673 2226 5301 6913 5454 6729 7529 1702 8344 1126 
5371 780 9367 751 4655 5440 9644 3917 8845 5399 6692 4620 1623 7083 6277 666 1279 5399 727 910 7335 3268 9365 5510 3912 8613 1171 5830 3654 1999 6419 909 3940 2942 
771 730 6884 1444 2616 863 578 6019 5249 6405 1186 4301 1893 6753 7991 266 8143 9397 6549 2474 6411 8745 1241 123 6785 8956 3800 6861 4146 9830 6789 3156 5776 2160 
9063 9774 2707 6486 26 2710 1785 9515 9733 1672 6189 7070 9500 1046 2444 3356 8822 2394 8884 8981 7106 5725 414 4404 7429 7783 317 1401 7735 8791 4935 7737 672 2950 
9924 8953 7037 1352 5781 7094 4951 8787 278 937 1574 3090 5767 2873 3777 3420 9959 3810 8617 8433 6738 5700 455 2452 8366 2447 4499 5951 3664 3246 407 7540 6148 
2513 1523 4864 3276 1983 978 7589 8216 2683 8349 488 8503 3271 9182 3831 221 6902 6792 7231 390 535 3541 8141 4667 5871 2096 2244 4562 2469 8948 767 3434 260 1764 
6599 1335 6717 6701 3447 394 2715 1257 1598 3765 1259 325 9796 3198 9707 4405 5377 5330 7986 8263 7243 4700 5121 1141 4014 2326 585 655 4976 5711 4764 1640 4181 
5277 7992 7456 1313 149 290 7330 749 9529 479 6174 4300 1521 6985 8138 7629 1005 2367 8181 7267 4122 1422 7852 3572 7139 2463 6336 2095 7082 2977 6791 3970 4215 
9433 2259 1259 8224 6902 9200 1005 954 9802 4913 3749 2463 6806 9198 1949 3424 4917 6071 848 5996 2077 8508 271 210 9905 1551 1940 3524 4090 2298 3830 5517 7126 
2110 2940 1700 2897 6795 2469 5297 3956 1175 4135 3471 7788 9929 567 6850 8269 1157 8504 2492 4934 2221 3895 3771 4406 5541 2215 1188 3375 2231 360 7574 8554 7225 
2206 3368 3627 3948 5679 5301 2902 4342 9340 6634 4626 9970 7220 1036 4750 1879 7573 5951 3921 3702 4036 3845 8854 9528 207 867 2184 7336 6130 9803 8122 7036 1719 
7893 6059 6249 8209 1967 759 4711 58 8679 7025 4563 8843 7830 9152 3125 6045 6127 743 3265 718 1944 5834 8417 1094 5225 9646 7347 7978 8179 2704 7423 9264 4579 2169 
428 836 2854 8576 4563 3178 3743 3536 4547 6646 9031 2123 7303 4265 4644 415 1285 1004 8909 7625 1865 2402 7101 8200 8674 1481 8631 563 714 7745 2905 13 6043 8608 
3779 7095 5392 2405 3369 3255 3594 571 5767 2312 2197 464 6070 4034 970 7927 5532 3435 5974 6780 3976 8062 5019 950 9182 2427 1221 5185 4223 8191 9952 8076 1582 
1222 7912 9328 3742 3054 5441 2067 4656 2526 344 2460 1307 4935 1129 3256 1932 3865 7762 1995 737 1065 152 2203 3345 3185 2473 7498 63 3080 146 6226 4126 5556 6513 
7894 2918 1422 9422 5782 6103 9733 3494 8723 6974 838 3400 3028 6486 4746 4532 937 4145 4048 8975 9790 2887 1884 1676 178 1054 5440 7448 2616 299 1626 7573 9933 
9128 9086 474 6172 8775 598 2616 4543 6021 4471 2256 6486 8594 534 4499 1612 3904 7163 6458 4232 6137 2804 8024 3842 775 2733 7212 4471 2782 2351 6683 6863 8013 
2855 829 892 7893 5944 5127 8629 7112 9107 7769 7141 1447 3686 5097 7150 8821 6642 7632 321 2447 1618 9923 6994 4672 9577 8693 6055 9743 5883 5883 754 9852 2847 
6624 6336 1404 9059 4889 9280 5249 6865 7308 7240 957 2513 2973 3028 5112 3726 3129 4353 3888 925 9463 490 8369 59 8443 368 3142 4535 6429 6031 4030 2496 2985 398 
6578 7392 7752 9911 8373 7641 2143 7768 2365 559 6759 9849 9170 8502 1949 5824 1861 3021 3482 3073 3827 9884 1382 9145 5961 7546 8793 9469 8410 3010 4482 2479 6175 
5318 6011 6289 6303 4644 5308 1213 9167 5528 5999 6100 9259 8835 388 8501 8789 7131 2502 5840 1485 9763 9726 92 2211 1084 9895 5734 7193 1675 4673 7947 3980 6909 
1178 7607 9028 1625 3737 8799 5882 2053 4989 9852 8282 8668 342 4889 9817 6638 9026 9472 889 9256 4059 7951 4154 8245 3103 4608 4755 3557 1024 6441 7569 7630 3980 
7106 8415 8416 1664 485 5287 1693 7241 7067 9320 2489 9307 6228 2185 4622 9238 838 6220 2931 5029 667 614 1822 9305 5460 111 2567 8294 3571 2773 5408 1595 1447 3734 
9858 3384 505 6717 5705 7179 8823 92 2562 9308 2494 3084 3860 1306 8093 1841 6973 1652 456 8673 5998 301 5546 4149 394 6842 6447 9217 2331 414 4113 1665 2406 9864 
753 4997 6735 3979 8552 2959 2768 9039 703 1802 8518 2614 8348 3981 7037 7473 5501 896 190 4339 10 3471 9269 2630 918 4780 2951 8813 9238 761 7524 8298 1238 5975 
2666 3266 7576 7689 9226 1725 5534 7580 5231 6994 9994 9051 3163 2706 8260 1950 5204 4419 6348 3778 272 1681 1568 8367 3213 6080 3312 2518 2756 5317 1328 2058 5535 
2646 9566 5921 9672 3423 1476 8986 2020 4726 4848 5329 3168 6561 7155 3680 8778 7222 1639 5417 6724 2851 7253 2674 8756 6255 709 4767 6191 9313 8502 3910 8776 640 
3313 2239 4083 1323 8985 75 2143 842 7078 1271 2643 2148 9347 2801 1112 4178 6388 1674 3560 3364 28 8652 2149 9827 2622 8285 6460 7046 7906 7685 1052 521 2730 332 
1282 7147 7253 8696 247 4054 3204 4438 3260 9877 6268 8743 3796 4865 683 2173 3492 7740 6222 8277 118 3730 898 1255 5508 8108 8954 8860 2419 2007 4081 6832 3405 
3749 4208 952 7908 2291 402 8102 2772 8522 5318 1962 888 9145 6964 9483 2544 8867 8132 4550 1857 9653 2507 966 1358 7691 9799 5638 8166 1268 1518 4707 7597 1283 
2050 2276 6399 2695 2663 1870 3938 6925 2632 9475 7836 5028 1095 812 7285 9697 5091 4263 3486 197 9535 4882 2578 8284 97 8312 9436 9222 4312 5403 2617 8268 1714 
5284 3919 6091 1868 8295 5598 9525 8619 8250 9782 5273 219 8007 7594 1551 6870 2463 2516 7176 888 7874 2744 3509 2704 4365 2605 7703 4089 3939 9465 519 4569 7455 
2828 824 554 1800 7137 825 2423 118 1568 9087 3209 324 3895 275 7508 2455 6155 9928 4427 3918 4281 7055 283 3371 8209 526 4823 8273 758 2222 7327 3453 7951 6148 
5302 4218 4018 931 6388 6864 2193 2128 7450 1661 5461 2854 2548 6871 4075 3163 6531 2704 2924 2675 5932 394 3713 723 3915 1005 4119 3160 4364 2808 8271 3305 6123 
2020 6713 5546 9898 6831 7586 4803 3747 552 3803 1873 3503 1062 4572 9115 2535 3021 4953 2487 9785 4291 9044 7774 2813 2144 484 413 1559 4997 6932 2750 2608 1855 
4542 438 1073 6620 6138 8432 8031 8477 2049 1674 3389 1404 1175 6462 1822 1072 7193 1445 7947 9406 5523 375 3620 3570 9637 6661 1834 8831 9543 5850 9468 9475 7370 
4207 1232 6622 4865 6319 8581 485 5568 507 3958 3602 1572 334 4433 462 9779 1795 2489 9410 1397 9206 3562 4570 6371 184 8539 3068 5871 4263 9304 3575 2836 3821 4272 
5486 3247 984 3260 2871 1343 9450 8466 3312 4841 5074 2761 9442 6159 9691 2525 696 1842 3091 2213 4609 6021 9326 2067 1332 2612 556 9836 4724 7429 6313 8985 5652 
461 1395 6125 2732 4134 4113 8904 8285 8064 4242 4315 8130 7558 5812 5901 6215 7266 1142 4270 5022 5540 800 3242 7200 8926 6513 5600 8129 8180 8777 3971 5047 4306 
5736 8048 2876 2014 6775 6001 6226 6944 614 1730 2358 4047 9205 899 9944 6702 6151 2317 1786 4118 8612 2696 808 5366 3134 4555 9175 7129 9446 1029 8160 583 1408 
5021 750 830 1476 1989 4166 6882 3414 5525 7063 706 8984 1141 8579 8877 4590 5753 1053 2565 5139 7028 547 9411 7867 7015 5117 700 3848 1769 7734 947 5025 8155 5675 
5278 3391 7836 7394 205 3850 267 1821 4232 2628 2379 911 6680 452 172 846 1161 2822 1575 8601 8238 2912 5642 3388 7558 5880 2693 7538 5054 6884 6452 7146 599 4994 
478 9453 1705 4042 9485 6383 3559 4913 5711 1220 8229 1407 2444 6598 7336 9699 409 2644 5950 1381 989 6060 2446 3964 114 5131 1184 2034 8494 9300 9807 7124 3890 
7680 2030 3630 755 5142 6474 6215 9895 4812 3038 1577 5634 3916 7996 6644 6338 6905 3579 5602 3192 4308 652 3198 1848 3562 2850 9201 754 913 2000 3454 8018 435 2597 
3167 2309 7129 8534 5278 3501 8012 4779 7064 2390 4744 1661 7359 9210 3875 9085 5424 3042 7788 3545 437 8911 2439 2187 9099 7592 5400 9586 7718 1540 4333 7909 7955 
9194 1553 8613 8142 5527 8175 2354 422 480 9508 1857 1150 2073 9832 7357 6069 3685 2494 268 904 1054 9625 1027 6118 183 9121 2748 2021 4641 2551 3238 6979 2651 3958 
1662 3679 2014 3674 8829 3417 2791 2198 8194 7384 6710 9312 2978 282 615 1823 3277 2657 5070 1240 3666 9404 361 4773 7750 5763 3473 3752 2481 1208 737 8367 3177 
1898 2201 6680 8660 4267 7333 9750 823 1028 9178 5108 4692 7256 7217 6586 1108 9351 3720 2734 8561 1780 9540 764 1400 6712 1227 7625 6461 5288 6626 2372 3663 4565 
2370 2079 8765 5939 4464 3741 5977 2652 1501 6572 8172 2629 1995 4996 74 1938 8497 9504 8328 5286 2561 1837 3819 5469 1528 7649 1234 5853 1382 2047 8007 121 4767 
6855 5762 2313 9665 387 7663 119 9975 1311 6017 1259 3037 2680 7030 5273 9636 6281 2509 1177 8312 5681 5670 5464 5041 8329 8713 1517 8423 9797 3337 1535 7609 7946 
426 9253 9072 8847 433 6893 1327 5190 3291 7217 9086 1596 4913 5974 8872 3279 5882 2695 9105 4624 929 195 1164 2425 6041 1810 3515 5441 2862 4605 3384 4381 7694 
9071 2868 1849 7688 7574 4863 3400 9219 3790 1239 9416 9970 1793 9444 7274 1846 1223 6835 2865 4117 4292 2497 6488 4522 5475 5852 1736 333 6269 3316 5146 4965 6063 
7431 5067 602 8522 317 3854 4416 716 2945 8454 6225 3312 561 531 6266 1201 1288 7548 5833 6917 1450 5327 5157 8776 8672 5013 8350 7990 133 8553 1031 973 3183 1578 
3665 4465 8930 5487 4730 4178 8305 2891 3782 8412 5703 1874 6396 9678 1830 2154 4453 8365 862 7541 3104 6121 8639 78 1754 2367 2530 8402 2684 993 3973 1873 1909 
8500 3446 6564 169 7880 1010 4322 522 6109 1550 2846 4727 3988 8486 8643 1666 6227 612 9987 3222 3902 9235 843 1464 9298 708 5051 7037 5299 3233 6 909 1017 5344 
5301 4902 3670 9867 1744 3172 2715 9054 4319 2368 5148 3632 2542 2471 6465 3781 544 4524 7727 1827 5861 7248 4278 3603 1583 4737 2283 2283 4049 7857 5241 2074 6473 
8328 5380 8803 1568 3469 2911 670 2655 2897 6158 1995 2324 5180 2334 7721 8117 5724 2420 8438 6628 8347 8403 4423 404 5056 1250 2026 2875 2185 2765 890 8649 1240 
8826 6867 2072 9227 4207 2055 772 6817 931 8961 3868 8649 994 8519 8169 2461 9253 7909 975 5615 2833 9576 2179 6963 6254 1255 1068 9406 2475 6713 5884 8589 736 995 
8944 1576 4181 5905 4310 1560 8129 6728 2159 2279 1365 1001 8885 4536 5946 4200 5215 455 4328 6973 3059 3585 569 6651 2315 5575 4397 1503 6027 7791 5359 4939 2513 
9420 3239 8116 5470 1487 5634 8153 2356 8781 735 1493 2241 4211 7739 1927 6459 7576 2480 8799 8524 514 3913 7243 3249 60 5849 5956 7949 3190 7853 5875 3283 7741 
2927 6088 243 2349 5004 8444 4260 6948 4760 9524 6772 680 5249 5289 300 6700 2481 438 9544 1967 2456 1650 6837 8310 9753 9503 8779 6059 8131 562 6397 2069 9315 1492 
7342 666 9785 7928 7847 579 3624 4430 967 1759 9378 839 4202 6394 9587 1546 8109 2927 7116 9143 1760 780 1860 7546 9436 1829 7018 881 8872 1243 6845 1970 2039 6047 
9967 2055 2196 2322 5880 1515 2641 494 9175 1322 7500 8538 1886 7747 2771 1466 6959 4113 8569 1238 753 5291 1866 2860 88 3833 7899 4648 2788 3896 629 3331 4760 8623 
9332 5369 5678 9283 635 9631 1209 7992 2474 21 3067 6169 7571 889 8568 537 2457 2300 3386 5611 3498 6745 6599 1535 2543 4979 7248 2383 7665 1518 2587 6089 382 689 
1699 3277 6508 538 8494 1065 510 9346 2416 8211 4805 8659 4975 3047 6024 1591 1238 1186 3862 9699 557 3998 4811 8244 393 6814 8722 2072 1088 9725 9419 8097 9296 
7778 3917 4277 4960 4807 3165 25 6519 5706 8864 1936 5660 8627 6509 5582 6925 5127 2438 7634 2420 8045 3048 996 3527 5311 3169 2314 1583 2691 9618 2417 5579 3034 
2006 4378 2054 6904 9410 8883 3094 294 1324 4808 6551 3845 1329 2986 359 356 5265 6159 787 1155 1310 329 5250 9192 1398 7563 7376 6034 1564 7322 6030 3565 8174 5761 
2136 4630 7314 6055 7159 1279 3090 5524 1096 5924 7003 4130 5356 223 6640 2273 81 3161 5524 9421 9762 9586 9288 7300 987 3155 8785 4259 8959 2626 3614 5808 7853 
375 7896 4989 9328 540 8858 9259 8119 9977 228 9886 4724 2353 4651 5440 104 1783 723 9224 4095 8053 9279 5164 4152 9807 1144 7988 8280 9443 541 529 4463 1651 6810 
2446 3051 391 3276 3654 6732 5164 7875 8902 5176 3106 8409 2052 5407 4325 418 6769 8113 3193 2068 4491 5055 9628 8682 9350 5200 7510 4963 3931 7509 1092 1584 193 
7375 7414 319 508 6959 4069 385 3139 6254 3113 2514 2662 4222 5978 7226 2400 7281 9574 2143 8313 5560 1378 8846 4191 4831 6292 5610 8647 8983 3681 9923 1614 1412 
4162 4987 8549 808 1628 6677 636 2031 3440 5359 7517 6765 9824 8402 1469 9893 7731 9479 1055 7820 635 3725 7210 4045 6757 3304 7003 1789 7825 4171 5102 9874 7459 
537 665 6736 5128 7544 2745 3252 2189 1896 1026 2468 5757 8611 945 4310 8009 613 6836 9361 1933 2814 8108 850 1377 8821 1026 9119 3213 1311 2360 3073 2864 8481 2209 
2413 9747 2882 291 2419 665 2564 60 4443 4330 9925 35 7261 1184 337 9472 5232 1090 4714 8207 550 8591 2266 9665 2310 2957 5736 3940 8617 1907 6890 5460 7496 3011 
1066 4017 3174 2748 8828 5651 555 8447 9055 9563 5536 2304 7233 9708 6930 7344 3736 1066 2353 1113 6463 3266 4680 5289 9245 2634 2482 7618 4861 4090 2554 337 6809 
6907 9219 4446 407 2991 5114 8899 7353 5362 1529 2385 5376 9679 9630 9519 6065 1862 7227 2085 6331 4636 1534 8024 5511 2851 3476 4534 4209 7004 2906 9492 2230 2490 
7092 4342 6350 9737 3345 3296 9116 9343 7695 6714 2628 3985 6027 4329 9757 777 7276 9996 6743 6279 1857 6867 5614 1238 3239 5927 8847 1729 319 598 2394 373 8928 
4222 8425 4936 761 2668 2208 3962 4857 9317 7878 4155 6963 8068 3043 1309 1900 5461 1898 2092 6615 2643 809 6059 3475 3805 5406 1025 3011 4429 5932 708 9694 2908 
4959 2868 6552 400 2973 7756 3905 184 3805 5876 797 458 1564 3034 1635 1674 8717 2898 3226 8526 1456 587 7025 1679 7079 1812 1181 1347 7189 9728 4424 9657 2536 9206 
824 2228 4089 4267 1326 812 8578 7300 6800 8033 63 3303 4314 7793 3447 1985 5552 2812 8093 6941 4023 9030 9778 2403 1477 4062 5149 1440 9285 7996 5998 6549 6735 
9008 1183 5890 904 6968 6924 740 6230 2450 1765 5548 599 8947 7825 6802 9443 4455 5893 5018 206 9611 1510 9110 9762 1478 667 3164 4973 191 6742 7193 2823 6715 1749 
22 327 7622 6292 9898 2326 8788 693 3745 2292 1768 4611 1724 7193 9221 7443 5256 1375 5908 235 6867 8350 3781 4776 5532 552 2776 1659 363 2375 6446 7923 8449 1811 
3244 6225 6481 2008 6177 9352 9647 2951 9928 3124 8055 316 8000 2732 4177 1697 6377 6011 308 8768 4577 379 6953 686 2721 6963 9442 7895 4418 2019 9658 3172 8579 
8988 3582 8644 1631 6582 6621 42 4763 5404 4028 9539 2334 8091 8844 8171 3748 8843 6528 4529 9828 557 7450 7335 6800 8822 7510 8334 1964 3754 6521 594 1571 7869 
1227 7586 55 1398 275 1092 4648 53 337 2038 3351 1094 9634 7863 9483 8070 8479 5591 5076 3029 6520 828 4990 2733 7343 6326 5543 9186 6919 7558 1668 2715 6367 6171 
1473 2992 5065 6460 9465 3924 9073 6973 7301 117 7466 3436 1015 8514 7114 5595 2058 156 8041 1555 8770 2448 3110 4790 1194 83 4811 3142 9822 8863 5650 2645 2725 
2430 5992 6572 9524 7668 
